{
 "cells": [
  {
   "cell_type": "code",
   "execution_count": 385,
   "id": "1682fa4e-d20e-493b-85f2-595dc80cc157",
   "metadata": {},
   "outputs": [],
   "source": [
    "import pandas as pd\n",
    "import matplotlib.pyplot as plt\n",
    "import seaborn as sns\n",
    "import warnings\n",
    "warnings.filterwarnings(\"ignore\")\n",
    "import datetime as dt"
   ]
  },
  {
   "cell_type": "code",
   "execution_count": 256,
   "id": "05b1ccc4-0a98-48b6-b1a4-eae2c7005555",
   "metadata": {},
   "outputs": [],
   "source": [
    "df = pd.read_csv(\"AAPL.csv\")"
   ]
  },
  {
   "cell_type": "code",
   "execution_count": 259,
   "id": "ee7485fa-e61b-49f6-9c4b-17eb118e2cb9",
   "metadata": {},
   "outputs": [],
   "source": [
    "df['Date'] = pd.to_datetime(df['Date'], format='%d-%m-%Y')"
   ]
  },
  {
   "cell_type": "code",
   "execution_count": 261,
   "id": "9c64f76a-d5c6-493e-94f6-ebf5daa392ce",
   "metadata": {},
   "outputs": [
    {
     "data": {
      "text/html": [
       "<div>\n",
       "<style scoped>\n",
       "    .dataframe tbody tr th:only-of-type {\n",
       "        vertical-align: middle;\n",
       "    }\n",
       "\n",
       "    .dataframe tbody tr th {\n",
       "        vertical-align: top;\n",
       "    }\n",
       "\n",
       "    .dataframe thead th {\n",
       "        text-align: right;\n",
       "    }\n",
       "</style>\n",
       "<table border=\"1\" class=\"dataframe\">\n",
       "  <thead>\n",
       "    <tr style=\"text-align: right;\">\n",
       "      <th></th>\n",
       "      <th>Date</th>\n",
       "      <th>Open</th>\n",
       "      <th>High</th>\n",
       "      <th>Low</th>\n",
       "      <th>Close</th>\n",
       "      <th>Day Difference</th>\n",
       "      <th>Adj Close</th>\n",
       "      <th>Volume</th>\n",
       "    </tr>\n",
       "  </thead>\n",
       "  <tbody>\n",
       "    <tr>\n",
       "      <th>0</th>\n",
       "      <td>1980-12-12</td>\n",
       "      <td>0.128348</td>\n",
       "      <td>0.128906</td>\n",
       "      <td>0.128348</td>\n",
       "      <td>0.128348</td>\n",
       "      <td>0.00000</td>\n",
       "      <td>0.099450</td>\n",
       "      <td>469033600.0</td>\n",
       "    </tr>\n",
       "    <tr>\n",
       "      <th>1</th>\n",
       "      <td>1980-12-15</td>\n",
       "      <td>0.122210</td>\n",
       "      <td>0.122210</td>\n",
       "      <td>0.121652</td>\n",
       "      <td>0.121652</td>\n",
       "      <td>-0.00056</td>\n",
       "      <td>0.094261</td>\n",
       "      <td>175884800.0</td>\n",
       "    </tr>\n",
       "    <tr>\n",
       "      <th>2</th>\n",
       "      <td>1980-12-16</td>\n",
       "      <td>0.113281</td>\n",
       "      <td>0.113281</td>\n",
       "      <td>0.112723</td>\n",
       "      <td>0.112723</td>\n",
       "      <td>-0.00056</td>\n",
       "      <td>0.087343</td>\n",
       "      <td>105728000.0</td>\n",
       "    </tr>\n",
       "    <tr>\n",
       "      <th>3</th>\n",
       "      <td>1980-12-17</td>\n",
       "      <td>0.115513</td>\n",
       "      <td>0.116071</td>\n",
       "      <td>0.115513</td>\n",
       "      <td>0.115513</td>\n",
       "      <td>0.00000</td>\n",
       "      <td>0.089504</td>\n",
       "      <td>86441600.0</td>\n",
       "    </tr>\n",
       "    <tr>\n",
       "      <th>4</th>\n",
       "      <td>1980-12-18</td>\n",
       "      <td>0.118862</td>\n",
       "      <td>0.119420</td>\n",
       "      <td>0.118862</td>\n",
       "      <td>0.118862</td>\n",
       "      <td>0.00000</td>\n",
       "      <td>0.092099</td>\n",
       "      <td>73449600.0</td>\n",
       "    </tr>\n",
       "    <tr>\n",
       "      <th>...</th>\n",
       "      <td>...</td>\n",
       "      <td>...</td>\n",
       "      <td>...</td>\n",
       "      <td>...</td>\n",
       "      <td>...</td>\n",
       "      <td>...</td>\n",
       "      <td>...</td>\n",
       "      <td>...</td>\n",
       "    </tr>\n",
       "    <tr>\n",
       "      <th>10786</th>\n",
       "      <td>2023-09-26</td>\n",
       "      <td>174.820007</td>\n",
       "      <td>175.199997</td>\n",
       "      <td>171.660004</td>\n",
       "      <td>171.960007</td>\n",
       "      <td>-2.86000</td>\n",
       "      <td>171.960007</td>\n",
       "      <td>64588900.0</td>\n",
       "    </tr>\n",
       "    <tr>\n",
       "      <th>10787</th>\n",
       "      <td>2023-09-27</td>\n",
       "      <td>172.619995</td>\n",
       "      <td>173.039993</td>\n",
       "      <td>169.050003</td>\n",
       "      <td>170.429993</td>\n",
       "      <td>-2.19000</td>\n",
       "      <td>170.429993</td>\n",
       "      <td>66921800.0</td>\n",
       "    </tr>\n",
       "    <tr>\n",
       "      <th>10788</th>\n",
       "      <td>2023-09-28</td>\n",
       "      <td>169.339996</td>\n",
       "      <td>172.029999</td>\n",
       "      <td>167.619995</td>\n",
       "      <td>170.690002</td>\n",
       "      <td>1.35001</td>\n",
       "      <td>170.690002</td>\n",
       "      <td>56294400.0</td>\n",
       "    </tr>\n",
       "    <tr>\n",
       "      <th>10789</th>\n",
       "      <td>2023-09-29</td>\n",
       "      <td>172.020004</td>\n",
       "      <td>173.070007</td>\n",
       "      <td>170.339996</td>\n",
       "      <td>171.210007</td>\n",
       "      <td>-0.81000</td>\n",
       "      <td>171.210007</td>\n",
       "      <td>51814200.0</td>\n",
       "    </tr>\n",
       "    <tr>\n",
       "      <th>10790</th>\n",
       "      <td>2023-10-02</td>\n",
       "      <td>171.220001</td>\n",
       "      <td>174.300003</td>\n",
       "      <td>170.929993</td>\n",
       "      <td>173.750000</td>\n",
       "      <td>2.53000</td>\n",
       "      <td>173.750000</td>\n",
       "      <td>52115400.0</td>\n",
       "    </tr>\n",
       "  </tbody>\n",
       "</table>\n",
       "<p>10791 rows × 8 columns</p>\n",
       "</div>"
      ],
      "text/plain": [
       "            Date        Open        High         Low       Close  \\\n",
       "0     1980-12-12    0.128348    0.128906    0.128348    0.128348   \n",
       "1     1980-12-15    0.122210    0.122210    0.121652    0.121652   \n",
       "2     1980-12-16    0.113281    0.113281    0.112723    0.112723   \n",
       "3     1980-12-17    0.115513    0.116071    0.115513    0.115513   \n",
       "4     1980-12-18    0.118862    0.119420    0.118862    0.118862   \n",
       "...          ...         ...         ...         ...         ...   \n",
       "10786 2023-09-26  174.820007  175.199997  171.660004  171.960007   \n",
       "10787 2023-09-27  172.619995  173.039993  169.050003  170.429993   \n",
       "10788 2023-09-28  169.339996  172.029999  167.619995  170.690002   \n",
       "10789 2023-09-29  172.020004  173.070007  170.339996  171.210007   \n",
       "10790 2023-10-02  171.220001  174.300003  170.929993  173.750000   \n",
       "\n",
       "       Day Difference   Adj Close       Volume  \n",
       "0             0.00000    0.099450  469033600.0  \n",
       "1            -0.00056    0.094261  175884800.0  \n",
       "2            -0.00056    0.087343  105728000.0  \n",
       "3             0.00000    0.089504   86441600.0  \n",
       "4             0.00000    0.092099   73449600.0  \n",
       "...               ...         ...          ...  \n",
       "10786        -2.86000  171.960007   64588900.0  \n",
       "10787        -2.19000  170.429993   66921800.0  \n",
       "10788         1.35001  170.690002   56294400.0  \n",
       "10789        -0.81000  171.210007   51814200.0  \n",
       "10790         2.53000  173.750000   52115400.0  \n",
       "\n",
       "[10791 rows x 8 columns]"
      ]
     },
     "execution_count": 261,
     "metadata": {},
     "output_type": "execute_result"
    }
   ],
   "source": [
    "df"
   ]
  },
  {
   "cell_type": "code",
   "execution_count": 260,
   "id": "932e8ce9-3b33-4b0d-9b55-7913b5f46b40",
   "metadata": {},
   "outputs": [
    {
     "name": "stdout",
     "output_type": "stream",
     "text": [
      "<class 'pandas.core.frame.DataFrame'>\n",
      "RangeIndex: 10791 entries, 0 to 10790\n",
      "Data columns (total 8 columns):\n",
      " #   Column          Non-Null Count  Dtype         \n",
      "---  ------          --------------  -----         \n",
      " 0   Date            10791 non-null  datetime64[ns]\n",
      " 1   Open            10791 non-null  float64       \n",
      " 2   High            10791 non-null  float64       \n",
      " 3   Low             10791 non-null  float64       \n",
      " 4   Close           10791 non-null  float64       \n",
      " 5   Day Difference  10791 non-null  float64       \n",
      " 6   Adj Close       10791 non-null  float64       \n",
      " 7   Volume          10791 non-null  float64       \n",
      "dtypes: datetime64[ns](1), float64(7)\n",
      "memory usage: 674.6 KB\n"
     ]
    }
   ],
   "source": [
    "df.info()"
   ]
  },
  {
   "cell_type": "code",
   "execution_count": 253,
   "id": "114186b4-f1f7-4c89-a70a-c40015b9b6c3",
   "metadata": {},
   "outputs": [
    {
     "data": {
      "text/html": [
       "<div>\n",
       "<style scoped>\n",
       "    .dataframe tbody tr th:only-of-type {\n",
       "        vertical-align: middle;\n",
       "    }\n",
       "\n",
       "    .dataframe tbody tr th {\n",
       "        vertical-align: top;\n",
       "    }\n",
       "\n",
       "    .dataframe thead th {\n",
       "        text-align: right;\n",
       "    }\n",
       "</style>\n",
       "<table border=\"1\" class=\"dataframe\">\n",
       "  <thead>\n",
       "    <tr style=\"text-align: right;\">\n",
       "      <th></th>\n",
       "      <th>Open</th>\n",
       "      <th>High</th>\n",
       "      <th>Low</th>\n",
       "      <th>Close</th>\n",
       "      <th>Day Difference</th>\n",
       "      <th>Adj Close</th>\n",
       "      <th>Volume</th>\n",
       "    </tr>\n",
       "    <tr>\n",
       "      <th>Date</th>\n",
       "      <th></th>\n",
       "      <th></th>\n",
       "      <th></th>\n",
       "      <th></th>\n",
       "      <th></th>\n",
       "      <th></th>\n",
       "      <th></th>\n",
       "    </tr>\n",
       "  </thead>\n",
       "  <tbody>\n",
       "    <tr>\n",
       "      <th>12-12-1980</th>\n",
       "      <td>0.128348</td>\n",
       "      <td>0.128906</td>\n",
       "      <td>0.128348</td>\n",
       "      <td>0.128348</td>\n",
       "      <td>0.00000</td>\n",
       "      <td>0.099450</td>\n",
       "      <td>469033600.0</td>\n",
       "    </tr>\n",
       "    <tr>\n",
       "      <th>15-12-1980</th>\n",
       "      <td>0.122210</td>\n",
       "      <td>0.122210</td>\n",
       "      <td>0.121652</td>\n",
       "      <td>0.121652</td>\n",
       "      <td>-0.00056</td>\n",
       "      <td>0.094261</td>\n",
       "      <td>175884800.0</td>\n",
       "    </tr>\n",
       "    <tr>\n",
       "      <th>16-12-1980</th>\n",
       "      <td>0.113281</td>\n",
       "      <td>0.113281</td>\n",
       "      <td>0.112723</td>\n",
       "      <td>0.112723</td>\n",
       "      <td>-0.00056</td>\n",
       "      <td>0.087343</td>\n",
       "      <td>105728000.0</td>\n",
       "    </tr>\n",
       "    <tr>\n",
       "      <th>17-12-1980</th>\n",
       "      <td>0.115513</td>\n",
       "      <td>0.116071</td>\n",
       "      <td>0.115513</td>\n",
       "      <td>0.115513</td>\n",
       "      <td>0.00000</td>\n",
       "      <td>0.089504</td>\n",
       "      <td>86441600.0</td>\n",
       "    </tr>\n",
       "    <tr>\n",
       "      <th>18-12-1980</th>\n",
       "      <td>0.118862</td>\n",
       "      <td>0.119420</td>\n",
       "      <td>0.118862</td>\n",
       "      <td>0.118862</td>\n",
       "      <td>0.00000</td>\n",
       "      <td>0.092099</td>\n",
       "      <td>73449600.0</td>\n",
       "    </tr>\n",
       "    <tr>\n",
       "      <th>...</th>\n",
       "      <td>...</td>\n",
       "      <td>...</td>\n",
       "      <td>...</td>\n",
       "      <td>...</td>\n",
       "      <td>...</td>\n",
       "      <td>...</td>\n",
       "      <td>...</td>\n",
       "    </tr>\n",
       "    <tr>\n",
       "      <th>26-09-2023</th>\n",
       "      <td>174.820007</td>\n",
       "      <td>175.199997</td>\n",
       "      <td>171.660004</td>\n",
       "      <td>171.960007</td>\n",
       "      <td>-2.86000</td>\n",
       "      <td>171.960007</td>\n",
       "      <td>64588900.0</td>\n",
       "    </tr>\n",
       "    <tr>\n",
       "      <th>27-09-2023</th>\n",
       "      <td>172.619995</td>\n",
       "      <td>173.039993</td>\n",
       "      <td>169.050003</td>\n",
       "      <td>170.429993</td>\n",
       "      <td>-2.19000</td>\n",
       "      <td>170.429993</td>\n",
       "      <td>66921800.0</td>\n",
       "    </tr>\n",
       "    <tr>\n",
       "      <th>28-09-2023</th>\n",
       "      <td>169.339996</td>\n",
       "      <td>172.029999</td>\n",
       "      <td>167.619995</td>\n",
       "      <td>170.690002</td>\n",
       "      <td>1.35001</td>\n",
       "      <td>170.690002</td>\n",
       "      <td>56294400.0</td>\n",
       "    </tr>\n",
       "    <tr>\n",
       "      <th>29-09-2023</th>\n",
       "      <td>172.020004</td>\n",
       "      <td>173.070007</td>\n",
       "      <td>170.339996</td>\n",
       "      <td>171.210007</td>\n",
       "      <td>-0.81000</td>\n",
       "      <td>171.210007</td>\n",
       "      <td>51814200.0</td>\n",
       "    </tr>\n",
       "    <tr>\n",
       "      <th>02-10-2023</th>\n",
       "      <td>171.220001</td>\n",
       "      <td>174.300003</td>\n",
       "      <td>170.929993</td>\n",
       "      <td>173.750000</td>\n",
       "      <td>2.53000</td>\n",
       "      <td>173.750000</td>\n",
       "      <td>52115400.0</td>\n",
       "    </tr>\n",
       "  </tbody>\n",
       "</table>\n",
       "<p>10791 rows × 7 columns</p>\n",
       "</div>"
      ],
      "text/plain": [
       "                  Open        High         Low       Close  Day Difference  \\\n",
       "Date                                                                         \n",
       "12-12-1980    0.128348    0.128906    0.128348    0.128348         0.00000   \n",
       "15-12-1980    0.122210    0.122210    0.121652    0.121652        -0.00056   \n",
       "16-12-1980    0.113281    0.113281    0.112723    0.112723        -0.00056   \n",
       "17-12-1980    0.115513    0.116071    0.115513    0.115513         0.00000   \n",
       "18-12-1980    0.118862    0.119420    0.118862    0.118862         0.00000   \n",
       "...                ...         ...         ...         ...             ...   \n",
       "26-09-2023  174.820007  175.199997  171.660004  171.960007        -2.86000   \n",
       "27-09-2023  172.619995  173.039993  169.050003  170.429993        -2.19000   \n",
       "28-09-2023  169.339996  172.029999  167.619995  170.690002         1.35001   \n",
       "29-09-2023  172.020004  173.070007  170.339996  171.210007        -0.81000   \n",
       "02-10-2023  171.220001  174.300003  170.929993  173.750000         2.53000   \n",
       "\n",
       "             Adj Close       Volume  \n",
       "Date                                 \n",
       "12-12-1980    0.099450  469033600.0  \n",
       "15-12-1980    0.094261  175884800.0  \n",
       "16-12-1980    0.087343  105728000.0  \n",
       "17-12-1980    0.089504   86441600.0  \n",
       "18-12-1980    0.092099   73449600.0  \n",
       "...                ...          ...  \n",
       "26-09-2023  171.960007   64588900.0  \n",
       "27-09-2023  170.429993   66921800.0  \n",
       "28-09-2023  170.690002   56294400.0  \n",
       "29-09-2023  171.210007   51814200.0  \n",
       "02-10-2023  173.750000   52115400.0  \n",
       "\n",
       "[10791 rows x 7 columns]"
      ]
     },
     "execution_count": 253,
     "metadata": {},
     "output_type": "execute_result"
    }
   ],
   "source": [
    "df\n"
   ]
  },
  {
   "cell_type": "code",
   "execution_count": 264,
   "id": "1e658d9b-92d5-4a93-ac11-5440ef078802",
   "metadata": {},
   "outputs": [],
   "source": [
    "df = df.set_index(\"Date\")"
   ]
  },
  {
   "cell_type": "code",
   "execution_count": 266,
   "id": "efc1fa7e-f2e1-4bce-91c2-16e5ca3ad134",
   "metadata": {},
   "outputs": [
    {
     "data": {
      "text/plain": [
       "Index(['Open', 'High', 'Low', 'Close', 'Day Difference', 'Adj Close',\n",
       "       'Volume'],\n",
       "      dtype='object')"
      ]
     },
     "execution_count": 266,
     "metadata": {},
     "output_type": "execute_result"
    }
   ],
   "source": [
    "df.columns"
   ]
  },
  {
   "cell_type": "code",
   "execution_count": 269,
   "id": "b93e44ef-5b60-4a8b-ab80-05472819c6a7",
   "metadata": {},
   "outputs": [
    {
     "data": {
      "text/html": [
       "<div>\n",
       "<style scoped>\n",
       "    .dataframe tbody tr th:only-of-type {\n",
       "        vertical-align: middle;\n",
       "    }\n",
       "\n",
       "    .dataframe tbody tr th {\n",
       "        vertical-align: top;\n",
       "    }\n",
       "\n",
       "    .dataframe thead th {\n",
       "        text-align: right;\n",
       "    }\n",
       "</style>\n",
       "<table border=\"1\" class=\"dataframe\">\n",
       "  <thead>\n",
       "    <tr style=\"text-align: right;\">\n",
       "      <th></th>\n",
       "      <th>Open</th>\n",
       "      <th>High</th>\n",
       "      <th>Low</th>\n",
       "      <th>Close</th>\n",
       "      <th>Day Difference</th>\n",
       "      <th>Adj Close</th>\n",
       "      <th>Volume</th>\n",
       "    </tr>\n",
       "    <tr>\n",
       "      <th>Date</th>\n",
       "      <th></th>\n",
       "      <th></th>\n",
       "      <th></th>\n",
       "      <th></th>\n",
       "      <th></th>\n",
       "      <th></th>\n",
       "      <th></th>\n",
       "    </tr>\n",
       "  </thead>\n",
       "  <tbody>\n",
       "    <tr>\n",
       "      <th>1980-12-12</th>\n",
       "      <td>0.128348</td>\n",
       "      <td>0.128906</td>\n",
       "      <td>0.128348</td>\n",
       "      <td>0.128348</td>\n",
       "      <td>0.00000</td>\n",
       "      <td>0.099450</td>\n",
       "      <td>469033600.0</td>\n",
       "    </tr>\n",
       "    <tr>\n",
       "      <th>1980-12-15</th>\n",
       "      <td>0.122210</td>\n",
       "      <td>0.122210</td>\n",
       "      <td>0.121652</td>\n",
       "      <td>0.121652</td>\n",
       "      <td>-0.00056</td>\n",
       "      <td>0.094261</td>\n",
       "      <td>175884800.0</td>\n",
       "    </tr>\n",
       "    <tr>\n",
       "      <th>1980-12-16</th>\n",
       "      <td>0.113281</td>\n",
       "      <td>0.113281</td>\n",
       "      <td>0.112723</td>\n",
       "      <td>0.112723</td>\n",
       "      <td>-0.00056</td>\n",
       "      <td>0.087343</td>\n",
       "      <td>105728000.0</td>\n",
       "    </tr>\n",
       "    <tr>\n",
       "      <th>1980-12-17</th>\n",
       "      <td>0.115513</td>\n",
       "      <td>0.116071</td>\n",
       "      <td>0.115513</td>\n",
       "      <td>0.115513</td>\n",
       "      <td>0.00000</td>\n",
       "      <td>0.089504</td>\n",
       "      <td>86441600.0</td>\n",
       "    </tr>\n",
       "    <tr>\n",
       "      <th>1980-12-18</th>\n",
       "      <td>0.118862</td>\n",
       "      <td>0.119420</td>\n",
       "      <td>0.118862</td>\n",
       "      <td>0.118862</td>\n",
       "      <td>0.00000</td>\n",
       "      <td>0.092099</td>\n",
       "      <td>73449600.0</td>\n",
       "    </tr>\n",
       "    <tr>\n",
       "      <th>...</th>\n",
       "      <td>...</td>\n",
       "      <td>...</td>\n",
       "      <td>...</td>\n",
       "      <td>...</td>\n",
       "      <td>...</td>\n",
       "      <td>...</td>\n",
       "      <td>...</td>\n",
       "    </tr>\n",
       "    <tr>\n",
       "      <th>2023-09-26</th>\n",
       "      <td>174.820007</td>\n",
       "      <td>175.199997</td>\n",
       "      <td>171.660004</td>\n",
       "      <td>171.960007</td>\n",
       "      <td>-2.86000</td>\n",
       "      <td>171.960007</td>\n",
       "      <td>64588900.0</td>\n",
       "    </tr>\n",
       "    <tr>\n",
       "      <th>2023-09-27</th>\n",
       "      <td>172.619995</td>\n",
       "      <td>173.039993</td>\n",
       "      <td>169.050003</td>\n",
       "      <td>170.429993</td>\n",
       "      <td>-2.19000</td>\n",
       "      <td>170.429993</td>\n",
       "      <td>66921800.0</td>\n",
       "    </tr>\n",
       "    <tr>\n",
       "      <th>2023-09-28</th>\n",
       "      <td>169.339996</td>\n",
       "      <td>172.029999</td>\n",
       "      <td>167.619995</td>\n",
       "      <td>170.690002</td>\n",
       "      <td>1.35001</td>\n",
       "      <td>170.690002</td>\n",
       "      <td>56294400.0</td>\n",
       "    </tr>\n",
       "    <tr>\n",
       "      <th>2023-09-29</th>\n",
       "      <td>172.020004</td>\n",
       "      <td>173.070007</td>\n",
       "      <td>170.339996</td>\n",
       "      <td>171.210007</td>\n",
       "      <td>-0.81000</td>\n",
       "      <td>171.210007</td>\n",
       "      <td>51814200.0</td>\n",
       "    </tr>\n",
       "    <tr>\n",
       "      <th>2023-10-02</th>\n",
       "      <td>171.220001</td>\n",
       "      <td>174.300003</td>\n",
       "      <td>170.929993</td>\n",
       "      <td>173.750000</td>\n",
       "      <td>2.53000</td>\n",
       "      <td>173.750000</td>\n",
       "      <td>52115400.0</td>\n",
       "    </tr>\n",
       "  </tbody>\n",
       "</table>\n",
       "<p>10791 rows × 7 columns</p>\n",
       "</div>"
      ],
      "text/plain": [
       "                  Open        High         Low       Close  Day Difference  \\\n",
       "Date                                                                         \n",
       "1980-12-12    0.128348    0.128906    0.128348    0.128348         0.00000   \n",
       "1980-12-15    0.122210    0.122210    0.121652    0.121652        -0.00056   \n",
       "1980-12-16    0.113281    0.113281    0.112723    0.112723        -0.00056   \n",
       "1980-12-17    0.115513    0.116071    0.115513    0.115513         0.00000   \n",
       "1980-12-18    0.118862    0.119420    0.118862    0.118862         0.00000   \n",
       "...                ...         ...         ...         ...             ...   \n",
       "2023-09-26  174.820007  175.199997  171.660004  171.960007        -2.86000   \n",
       "2023-09-27  172.619995  173.039993  169.050003  170.429993        -2.19000   \n",
       "2023-09-28  169.339996  172.029999  167.619995  170.690002         1.35001   \n",
       "2023-09-29  172.020004  173.070007  170.339996  171.210007        -0.81000   \n",
       "2023-10-02  171.220001  174.300003  170.929993  173.750000         2.53000   \n",
       "\n",
       "             Adj Close       Volume  \n",
       "Date                                 \n",
       "1980-12-12    0.099450  469033600.0  \n",
       "1980-12-15    0.094261  175884800.0  \n",
       "1980-12-16    0.087343  105728000.0  \n",
       "1980-12-17    0.089504   86441600.0  \n",
       "1980-12-18    0.092099   73449600.0  \n",
       "...                ...          ...  \n",
       "2023-09-26  171.960007   64588900.0  \n",
       "2023-09-27  170.429993   66921800.0  \n",
       "2023-09-28  170.690002   56294400.0  \n",
       "2023-09-29  171.210007   51814200.0  \n",
       "2023-10-02  173.750000   52115400.0  \n",
       "\n",
       "[10791 rows x 7 columns]"
      ]
     },
     "execution_count": 269,
     "metadata": {},
     "output_type": "execute_result"
    }
   ],
   "source": [
    "df.sort_index()"
   ]
  },
  {
   "cell_type": "code",
   "execution_count": 271,
   "id": "5acbb024-011d-45fe-a179-9de339d59909",
   "metadata": {},
   "outputs": [
    {
     "data": {
      "text/html": [
       "<div>\n",
       "<style scoped>\n",
       "    .dataframe tbody tr th:only-of-type {\n",
       "        vertical-align: middle;\n",
       "    }\n",
       "\n",
       "    .dataframe tbody tr th {\n",
       "        vertical-align: top;\n",
       "    }\n",
       "\n",
       "    .dataframe thead th {\n",
       "        text-align: right;\n",
       "    }\n",
       "</style>\n",
       "<table border=\"1\" class=\"dataframe\">\n",
       "  <thead>\n",
       "    <tr style=\"text-align: right;\">\n",
       "      <th></th>\n",
       "      <th>Open</th>\n",
       "      <th>High</th>\n",
       "      <th>Low</th>\n",
       "      <th>Close</th>\n",
       "      <th>Day Difference</th>\n",
       "      <th>Adj Close</th>\n",
       "      <th>Volume</th>\n",
       "    </tr>\n",
       "    <tr>\n",
       "      <th>Date</th>\n",
       "      <th></th>\n",
       "      <th></th>\n",
       "      <th></th>\n",
       "      <th></th>\n",
       "      <th></th>\n",
       "      <th></th>\n",
       "      <th></th>\n",
       "    </tr>\n",
       "  </thead>\n",
       "  <tbody>\n",
       "    <tr>\n",
       "      <th>2018-01-05</th>\n",
       "      <td>43.360001</td>\n",
       "      <td>43.842499</td>\n",
       "      <td>43.262501</td>\n",
       "      <td>43.750000</td>\n",
       "      <td>0.39000</td>\n",
       "      <td>41.425125</td>\n",
       "      <td>94640000.0</td>\n",
       "    </tr>\n",
       "    <tr>\n",
       "      <th>2013-07-17</th>\n",
       "      <td>15.346429</td>\n",
       "      <td>15.436429</td>\n",
       "      <td>15.293571</td>\n",
       "      <td>15.368214</td>\n",
       "      <td>0.02178</td>\n",
       "      <td>13.324643</td>\n",
       "      <td>198990400.0</td>\n",
       "    </tr>\n",
       "    <tr>\n",
       "      <th>2019-10-31</th>\n",
       "      <td>61.810001</td>\n",
       "      <td>62.292500</td>\n",
       "      <td>59.314999</td>\n",
       "      <td>62.189999</td>\n",
       "      <td>0.38000</td>\n",
       "      <td>60.485710</td>\n",
       "      <td>139162000.0</td>\n",
       "    </tr>\n",
       "    <tr>\n",
       "      <th>1997-04-10</th>\n",
       "      <td>0.169643</td>\n",
       "      <td>0.170759</td>\n",
       "      <td>0.165179</td>\n",
       "      <td>0.168527</td>\n",
       "      <td>-0.00112</td>\n",
       "      <td>0.143045</td>\n",
       "      <td>116984000.0</td>\n",
       "    </tr>\n",
       "    <tr>\n",
       "      <th>1999-09-09</th>\n",
       "      <td>0.674107</td>\n",
       "      <td>0.678013</td>\n",
       "      <td>0.659598</td>\n",
       "      <td>0.674665</td>\n",
       "      <td>0.00056</td>\n",
       "      <td>0.572653</td>\n",
       "      <td>534083200.0</td>\n",
       "    </tr>\n",
       "    <tr>\n",
       "      <th>1989-07-17</th>\n",
       "      <td>0.363839</td>\n",
       "      <td>0.368304</td>\n",
       "      <td>0.354911</td>\n",
       "      <td>0.363839</td>\n",
       "      <td>0.00000</td>\n",
       "      <td>0.287153</td>\n",
       "      <td>130894400.0</td>\n",
       "    </tr>\n",
       "    <tr>\n",
       "      <th>1985-03-18</th>\n",
       "      <td>0.102121</td>\n",
       "      <td>0.103237</td>\n",
       "      <td>0.102121</td>\n",
       "      <td>0.102121</td>\n",
       "      <td>0.00000</td>\n",
       "      <td>0.079128</td>\n",
       "      <td>124768000.0</td>\n",
       "    </tr>\n",
       "    <tr>\n",
       "      <th>1981-05-22</th>\n",
       "      <td>0.140067</td>\n",
       "      <td>0.141183</td>\n",
       "      <td>0.140067</td>\n",
       "      <td>0.140067</td>\n",
       "      <td>0.00000</td>\n",
       "      <td>0.108530</td>\n",
       "      <td>31427200.0</td>\n",
       "    </tr>\n",
       "    <tr>\n",
       "      <th>2011-11-18</th>\n",
       "      <td>13.532857</td>\n",
       "      <td>13.571071</td>\n",
       "      <td>13.388571</td>\n",
       "      <td>13.390714</td>\n",
       "      <td>-0.14214</td>\n",
       "      <td>11.365992</td>\n",
       "      <td>371938000.0</td>\n",
       "    </tr>\n",
       "    <tr>\n",
       "      <th>2000-06-07</th>\n",
       "      <td>0.835938</td>\n",
       "      <td>0.866071</td>\n",
       "      <td>0.818080</td>\n",
       "      <td>0.862165</td>\n",
       "      <td>0.02623</td>\n",
       "      <td>0.731803</td>\n",
       "      <td>337019200.0</td>\n",
       "    </tr>\n",
       "  </tbody>\n",
       "</table>\n",
       "</div>"
      ],
      "text/plain": [
       "                 Open       High        Low      Close  Day Difference  \\\n",
       "Date                                                                     \n",
       "2018-01-05  43.360001  43.842499  43.262501  43.750000         0.39000   \n",
       "2013-07-17  15.346429  15.436429  15.293571  15.368214         0.02178   \n",
       "2019-10-31  61.810001  62.292500  59.314999  62.189999         0.38000   \n",
       "1997-04-10   0.169643   0.170759   0.165179   0.168527        -0.00112   \n",
       "1999-09-09   0.674107   0.678013   0.659598   0.674665         0.00056   \n",
       "1989-07-17   0.363839   0.368304   0.354911   0.363839         0.00000   \n",
       "1985-03-18   0.102121   0.103237   0.102121   0.102121         0.00000   \n",
       "1981-05-22   0.140067   0.141183   0.140067   0.140067         0.00000   \n",
       "2011-11-18  13.532857  13.571071  13.388571  13.390714        -0.14214   \n",
       "2000-06-07   0.835938   0.866071   0.818080   0.862165         0.02623   \n",
       "\n",
       "            Adj Close       Volume  \n",
       "Date                                \n",
       "2018-01-05  41.425125   94640000.0  \n",
       "2013-07-17  13.324643  198990400.0  \n",
       "2019-10-31  60.485710  139162000.0  \n",
       "1997-04-10   0.143045  116984000.0  \n",
       "1999-09-09   0.572653  534083200.0  \n",
       "1989-07-17   0.287153  130894400.0  \n",
       "1985-03-18   0.079128  124768000.0  \n",
       "1981-05-22   0.108530   31427200.0  \n",
       "2011-11-18  11.365992  371938000.0  \n",
       "2000-06-07   0.731803  337019200.0  "
      ]
     },
     "execution_count": 271,
     "metadata": {},
     "output_type": "execute_result"
    }
   ],
   "source": [
    "df.sample(10)"
   ]
  },
  {
   "cell_type": "code",
   "execution_count": 304,
   "id": "1d77960b-4457-4e6d-80d4-de94ffd42800",
   "metadata": {},
   "outputs": [
    {
     "data": {
      "text/plain": [
       "Date\n",
       "1980-12-31      0.136461\n",
       "1981-01-31      0.142086\n",
       "1981-02-28      0.118627\n",
       "1981-03-31      0.111683\n",
       "1981-04-30      0.122183\n",
       "                 ...    \n",
       "2023-06-30    185.438095\n",
       "2023-07-31    193.927001\n",
       "2023-08-31    182.771738\n",
       "2023-09-30    178.996502\n",
       "2023-10-31    174.300003\n",
       "Freq: M, Name: High, Length: 515, dtype: float64"
      ]
     },
     "execution_count": 304,
     "metadata": {},
     "output_type": "execute_result"
    }
   ],
   "source": [
    "df[\"High\"].resample(\"M\").mean()"
   ]
  },
  {
   "cell_type": "code",
   "execution_count": 273,
   "id": "13984bfb-1a20-4eea-b1f6-d121a0974042",
   "metadata": {},
   "outputs": [],
   "source": [
    "df = df.sort_values(by = \"Date\")"
   ]
  },
  {
   "cell_type": "code",
   "execution_count": 284,
   "id": "7f015d6d-8d8c-4c0c-a036-69b3b17c695b",
   "metadata": {},
   "outputs": [],
   "source": [
    "newdf = df.loc[\"2023-01-01\" : \"2023-5-30\"]"
   ]
  },
  {
   "cell_type": "code",
   "execution_count": 307,
   "id": "aff0bed6-139d-437c-a948-ffe667ff1608",
   "metadata": {},
   "outputs": [
    {
     "data": {
